6591
1
43
898
4
562
2391
47
97
64
9
57
5
188
55
4
1
85
12664
7
5
2
83
5712
418
64
7
6
9
51
128
253
8414
28
111
21
5
27
74
4465
32
838
2
1
1
5
5
49
7438
7
2157
952
66
47
4994
7
188856
9269
85
992
9
398
68
79
37
1723
641
6
919
2
87
5
2
5
5965
263
7872
6
2
96
26
41
684
9
1388
59
9
9
433
88
987
4
38
656
4
5
778
96452
4
1677
4
5
6
7669
21
6
8247819
684
57
11233
4
97
9
8
5
6952
15
4
84
89
788
81
6
3
887
123
6
154
8292
886
673
2
9
17
57
872
73
23
8838
6
25
529
71
8
25858
864
911
74
759
369
98
69
94
62829
7
9
63
58
7
54
99389
7
6
7
41
61
578
341
6
8418
626
8
5
42
671
52
94
7
8
48
971
545
56
1
694
65
87
465
5
84
5
3
94937
28
55
76
51
4
251
738
267
45
9
662
826
87
69234
8252
683
495
8
296
76
67
477
682
4
6166
9
7138
3
9
4
8
4
83
815
378
9
2
1
9
48
4
975
4
622
65
5
23
3
28
3
994
6
6628
58
51
39
6
38
5
9
58
336
3
58841
54
915
9375
257
77
81
3
424
76
6
6
94
18
52
9
499
23
6131
82
785
3
1
185
2
6
1893
2
6
619
526
37
7
47
9
22
7788
494
32
12
76
95
14529
2
337
33
7
82
883
81
2
36
92
7
57
8
6861
986
4
5
5
38
9
771
5
6
993
98715
89
173
52
5
854
472
33
81
35
8748
1289
521
1
1817
49
67
3
31
4
667
741
32
8
86
24
17
37
452
562
2868
7
77
53
377
17
3
7
8527
1
447
737
72
61
512
5
6
87
2
4625
8852
2
72
42
86
468
8
992
7
2
4446
6942
53482
6
695
565
5
12
37
5775
4
256989
31
179
8326
854
6
8
5
77
34
461
97
827
8
8
9712
31
68
56
86
414
3
82
27791
44
78
1281
3
5
6
3
495
93326
72
3
7
73
14
539
333
6
922
6
763
58
6
47151
4776
86
38
5495
575
9746
8
85
2
699
248
78
342555
47
624
659
399
2
95
75
7
5498
72
8
7
83
2
9
4
321
1
9
48
6621
4356
1
73
978
74
53676
152
6
734
89
7
7844
2
61
44
47
1335
355
6
5568
593
252
8
1
6
5794
8297
8
3
524
3
6
589
3
5
61
7
254
1
5
9
3
9
86
55
7
6
5
4
86
6
65
713
3
46
5
4
9
11
2
8
7
98
1
6593
9
4
5
2112
6
97
8
5759
927
63
5778
348
68
7
2
89
3
9
34
223
7373
2993
284
283
1
19
5
6191
18
983
39
48
3797
7
85
3
8
651
51
917
75
17
4
15
1
66
7
7
2
3
83
748
577
8
8
1
81
3
5
713
3
1
576
47
7364
7
5
493
42
869
886
6
77
195
9296
275
27
7
12
1
26
9192
7
8
2844
6175
3571
822
93
45
7724
36
452
631
6
893
34
15
294
9
73
8395
622
6
51471
9
2
87
77
37
988
9975
459
5384
817
99
4
221
68283
39
7492
51
351
432
5566
723
93
53
227
8
4
42
21
7
9613
75
717
7
7399
7
6
994
8
5
5
1
94
26
77
9
779
88
77
171
9
6
447
34
6
392
6351
928135
2
3
72
62637
8
8
59
9
196
197
5
3417
7
83
3
99
38
41
5
3
86
126
81752
81
6
41
41
9
236
3
51
69
4
35
9
638
9
7211
35
3
91
392
42779
216
3
36
4745
6
7
82
6
69
98
81
9
218
6
198
3
3784
22472
64
23
64154
344287
6
2
16
666
9118
78
889336
5
4566
3
3622
2752
1
92
9
8
934
31
2
947
322
98
1
6
5
63
717
1
5985
2277
5622
8
1
422
89
8
18
9499
6
61
29594
7
7
31
838
7
37
7
5
51
66526
39
8
68
15
7672
9669
6
97
1
18575
6
13
92
2589
428
355
6
5533
9
38
64
2
18
6
57
712
6
32
3843
8974
4675
4731
55
58
91
55
514
5944
5
46
99
13
228
86
3
2
4
82
2
39
37
6136
2
9
28
67
424
81112
82
4
7
16698
627
286
2
25
2569
9
2
9
28
33
7
16
3252
2
17
62
222
542
3
11
49
799
81
23
347
9
72
5
8584
74
465
7378
26
26
7
7
93
2
578
69
2
133
93
46
3
337
747
7
7353
421
92
5
263
9652
8
75533
19
573
42
99
6
17
1
839
794
33
3292
799
6
7
2
525
7
65
516
1
26
97
927
9
82
194
697
2
64
4
1
69
7
5
912
438
6
869
712
1
439
9
8
58
47
49
8
48
64
9
6672
3278
8645
6622
8764
671
5
911826
2
92
431
51
56
195

